  -1.0000000000000000        0.0000000000000000     
 -0.99799799799799804        3.7813606023377961E-008
 -0.99599599599599598        7.8635974561815277E-008
 -0.99399399399399402        1.2571527010294249E-007
 -0.99199199199199195        1.8279750987590114E-007
 -0.98998998998998999        2.5442462789244162E-007
 -0.98798798798798804        3.4629586869477085E-007
 -0.98598598598598597        4.6572126627877766E-007
 -0.98398398398398401        6.2220329071765917E-007
 -0.98198198198198194        8.2819294309079504E-007
 -0.97997997997997999        1.1000804598693438E-006
 -0.97797797797797803        1.4594994553743024E-006
 -0.97597597597597596        1.9350482706421489E-006
 -0.97397397397397401        2.5645654934175750E-006
 -0.97197197197197194        3.3981407084204294E-006
 -0.96996996996996998        4.5021000380213901E-006
 -0.96796796796796802        5.9642835958292949E-006
 -0.96596596596596596        7.9010347709445831E-006
 -0.96396396396396400        1.0466457468006272E-005
 -0.96196196196196193        1.3864677885436952E-005
 -0.95995995995995997        1.8366086480141302E-005
 -0.95795795795795802        2.4328852463390511E-005
 -0.95595595595595595        3.2227422698712466E-005
 -0.95395395395395399        4.2690272609263267E-005
 -0.95195195195195192        5.6549912868372904E-005
 -0.94994994994994997        7.4909130818196361E-005
 -0.94794794794794790        9.9228737330330559E-005
 -0.94594594594594594        1.3144380097267314E-004
 -0.94394394394394399        1.7411761803194707E-004
 -0.94194194194194192        2.3064566951737074E-004
 -0.93993993993993996        3.0552579364764073E-004
 -0.93793793793793789        4.0471607097362705E-004
 -0.93593593593593594        5.3610889843023883E-004
 -0.93393393393393398        7.1015897356086041E-004
 -0.93193193193193191        9.4071515652108056E-004
 -0.92992992992992995        1.2461223996668583E-003
 -0.92792792792792789        1.6506814233377596E-003
 -0.92592592592592593        2.1865822816851256E-003
 -0.92392392392392386        2.8964656689973250E-003
 -0.92192192192192191        3.8368157651880075E-003
 -0.91991991991991995        5.0824545832305387E-003
 -0.91791791791791788        6.7324954259057272E-003
 -0.91591591591591592        8.9182291580067550E-003
 -0.91391391391391386        1.1813570790891721E-002
 -0.91191191191191190        1.5648897595850995E-002
 -0.90990990990990994        2.0729379820774448E-002
 -0.90790790790790787        2.7459262553192851E-002
 -0.90590590590590592        3.6374030795079504E-002
 -0.90390390390390385        4.8183017068173996E-002
 -0.90190190190190189        6.3825841762485430E-002
 -0.89989989989989994        8.4547177087820807E-002
 -0.89789789789789787       0.10523200929821298     
 -0.89589589589589591       0.12587140774885786     
 -0.89389389389389384       0.14645646141090798     
 -0.89189189189189189       0.16697828271879553     
 -0.88988988988988993       0.18742801140742543     
 -0.88788788788788786       0.20779681833758107     
 -0.88588588588588590       0.22807590930789176     
 -0.88388388388388384       0.24825652885171598     
 -0.88188188188188188       0.26832996401730053     
 -0.87987987987987992       0.28828754812958429     
 -0.87787787787787785       0.30812066453202197     
 -0.87587587587587590       0.32782075030681251     
 -0.87387387387387383       0.34737929997192551     
 -0.87187187187187187       0.36678786915333056     
 -0.86986986986986992       0.38603807823084269     
 -0.86786786786786785       0.40512161595601054     
 -0.86586586586586589       0.42403024304048531     
 -0.86386386386386382       0.44275579571332097     
 -0.86186186186186187       0.46129018924566967     
 -0.85985985985985991       0.47962542144135162     
 -0.85785785785785784       0.49775357609179061     
 -0.85585585585585588       0.51566682639382533     
 -0.85385385385385382       0.53335743832891958     
 -0.85185185185185186       0.55081777400231302     
 -0.84984984984984990       0.56804029494067054     
 -0.84784784784784784       0.58501756534680682     
 -0.84584584584584588       0.60174225531008008     
 -0.84384384384384381       0.61820714397107024     
 -0.84184184184184185       0.63440512263917381     
 -0.83983983983983990       0.65032919786177001     
 -0.83783783783783783       0.66597249444363371     
 -0.83583583583583587       0.68132825841529043     
 -0.83383383383383380       0.69638985994903202     
 -0.83183183183183185       0.71115079622133492     
 -0.82982982982982989       0.72560469422044438     
 -0.82782782782782782       0.73974531349791239     
 -0.82582582582582587       0.75356654886290175     
 -0.82382382382382380       0.76706243301809340     
 -0.82182182182182184       0.78022713913605724     
 -0.81981981981981988       0.79305498337497671     
 -0.81781781781781782       0.80554042733263831     
 -0.81581581581581575       0.81767808043762857     
 -0.81381381381381379       0.82946270227670471     
 -0.81181181181181183       0.84088920485733598     
 -0.80980980980980988       0.85195265480443516     
 -0.80780780780780781       0.86264827549033729     
 -0.80580580580580574       0.87297144909710067     
 -0.80380380380380378       0.88291771861024271     
 -0.80180180180180183       0.89248278974304895     
 -0.79979979979979987       0.90166253279062525     
 -0.79779779779779780       0.91045298441289180     
 -0.79579579579579574       0.91885034934574827     
 -0.79379379379379378       0.92685100203967397     
 -0.79179179179179182       0.93445148822505320     
 -0.78978978978978975       0.94164852640355101     
 -0.78778778778778780       0.94843900926489477     
 -0.78578578578578573       0.95482000502845088     
 -0.78378378378378377       0.96078875870901670     
 -0.78178178178178181       0.96634269330628086     
 -0.77977977977977975       0.97147941091743983     
 -0.77777777777777779       0.97619669377248797     
 -0.77577577577577572       0.98049250519173714     
 -0.77377377377377377       0.98436499046514936     
 -0.77177177177177181       0.98781247765310554     
 -0.76976976976976974       0.99083347830826296     
 -0.76776776776776778       0.99342668811818968     
 -0.76576576576576572       0.99559098746849972     
 -0.76376376376376376       0.99732544192624462     
 -0.76176176176176180       0.99862930264335403     
 -0.75975975975975973       0.99950200667994871     
 -0.75775775775775778       0.99994317724739035     
 -0.75575575575575571       0.99995262387095829     
 -0.75375375375375375       0.99953034247208716     
 -0.75175175175175180       0.99867651537012780     
 -0.74974974974974973       0.99739151120363090     
 -0.74774774774774777       0.99567588477118862     
 -0.74574574574574570       0.99353037679190037     
 -0.74374374374374375       0.99095591358556834     
 -0.74174174174174179       0.98795360667276111     
 -0.73973973973973972       0.98452475229491554     
 -0.73773773773773776       0.98067083085468754     
 -0.73573573573573570       0.97639350627678922     
 -0.73373373373373374       0.97169462528959294     
 -0.73173173173173178       0.96657621662780857     
 -0.72972972972972971       0.96104049015658033     
 -0.72772772772772776       0.95508983591738139     
 -0.72572572572572569       0.94872682309611678     
 -0.72372372372372373       0.94195419891388099     
 -0.72172172172172178       0.93477488744085047     
 -0.71971971971971971       0.92719198833381955     
 -0.71771771771771764       0.91920877549792901     
 -0.71571571571571568       0.91082869567316238     
 -0.71371371371371373       0.90205536694622124     
 -0.71171171171171177       0.89289257718842185     
 -0.70970970970970970       0.88334428242028717     
 -0.70770770770770763       0.87341460510354141     
 -0.70570570570570568       0.86310783236124355     
 -0.70370370370370372       0.85242841412682768     
 -0.70170170170170176       0.84138096122285211     
 -0.69969969969969970       0.82997024337028269     
 -0.69769769769769763       0.81820118712917411     
 -0.69569569569569567       0.80607887377163423     
 -0.69369369369369371       0.79360853708799295     
 -0.69169169169169176       0.78079556112712101     
 -0.68968968968968969       0.76764547787187598     
 -0.68768768768768762       0.75416396485067561     
 -0.68568568568568566       0.74035684268623458     
 -0.68368368368368371       0.72623007258251926     
 -0.68168168168168175       0.71178975375100695     
 -0.67967967967967968       0.69704212077736094     
 -0.67767767767767761       0.68199354092965703     
 -0.67567567567567566       0.66665051140932552     
 -0.67367367367367370       0.65101965654599481     
 -0.67167167167167174       0.63510772493744638     
 -0.66966966966966968       0.61892158653591833     
 -0.66766766766766761       0.60246822968201441     
 -0.66566566566566565       0.58575475808749788     
 -0.66366366366366369       0.56878838776827534     
 -0.66166166166166174       0.55157644392889249     
 -0.65965965965965967       0.53412635779988837     
 -0.65765765765765760       0.51644566342937281     
 -0.65565565565565564       0.49854199443021296     
 -0.65365365365365369       0.48042308068423195     
 -0.65165165165165173       0.46209674500484477     
 -0.64964964964964966       0.44357089975957020     
 -0.64764764764764760       0.42485354345387821     
 -0.64564564564564564       0.40595275727784746     
 -0.64364364364364368       0.38687670161712379     
 -0.64164164164164172       0.36763361252968602     
 -0.63963963963963966       0.34823179818994049     
 -0.63763763763763759       0.32867963530167982     
 -0.63563563563563563       0.30898556548145328     
 -0.63363363363363367       0.28915809161391182     
 -0.63163163163163161       0.26920577418070074     
 -0.62962962962962965       0.24913722756448467     
 -0.62762762762762758       0.22896111632970098     
 -0.62562562562562563       0.20868615148164729     
 -0.62362362362362367       0.18832108670551817     
 -0.62162162162162160       0.16787471458701497     
 -0.61961961961961964       0.14735586281616023     
 -0.61761761761761758       0.12677339037595600     
 -0.61561561561561562       0.10613618371753147     
 -0.61361361361361366        8.5453152923431169E-002
 -0.61161161161161159        6.4733227860700418E-002
 -0.60960960960960964        4.3985354325428848E-002
 -0.60760760760760757        2.3218490180416499E-002
 -0.60560560560560561        2.4416014876302680E-003
 -0.60360360360360366       -1.8336341362879715E-002
 -0.60160160160160159       -3.9106367525932322E-002
 -0.59959959959959963       -5.9859509574364193E-002
 -0.59759759759759756       -8.0586807370702715E-002
 -0.59559559559559561      -0.10127931193569180     
 -0.59359359359359365      -0.12192808931199997     
 -0.59159159159159158      -0.14252422442144283     
 -0.58958958958958951      -0.16305882491405460     
 -0.58758758758758756      -0.18352302500734655     
 -0.58558558558558560      -0.20390798931409521     
 -0.58358358358358364      -0.22420491665700715     
 -0.58158158158158157      -0.24440504386861411     
 -0.57957957957957951      -0.26449964957475713     
 -0.57757757757757755      -0.28448005796002634     
 -0.57557557557557559      -0.30433764251353146     
 -0.57357357357357364      -0.32406382975338427     
 -0.57157157157157157      -0.34365010292828685     
 -0.56956956956956950      -0.36308800569462557     
 -0.56756756756756754      -0.38236914576748482     
 -0.56556556556556559      -0.40148519854400311     
 -0.56356356356356363      -0.42042791069750768     
 -0.56156156156156156      -0.43918910374087583     
 -0.55955955955955949      -0.45776067755758426     
 -0.55755755755755754      -0.47613461389892170     
 -0.55555555555555558      -0.49430297984585625     
 -0.55355355355355362      -0.51225793123406049     
 -0.55155155155155156      -0.52999171604061779     
 -0.54954954954954949      -0.54749667773094646     
 -0.54754754754754753      -0.56476525856449622     
 -0.54554554554554557      -0.58179000285779225     
 -0.54354354354354362      -0.59856356020341450     
 -0.54154154154154155      -0.61507868864352488     
 -0.53953953953953948      -0.63132825779657165     
 -0.53753753753753752      -0.64730525193582100     
 -0.53553553553553557      -0.66300277301838617     
 -0.53353353353353361      -0.67841404366344682     
 -0.53153153153153154      -0.69353241007837330     
 -0.52952952952952947      -0.70835134493149066     
 -0.52752752752752752      -0.72286445017024537     
 -0.52552552552552556      -0.73706545978355387     
 -0.52352352352352360      -0.75094824250714365     
 -0.52152152152152154      -0.76450680447071728     
 -0.51951951951951947      -0.77773529178579626     
 -0.51751751751751751      -0.79062799307312914     
 -0.51551551551551555      -0.80317934192857077     
 -0.51351351351351360      -0.81538391932636811     
 -0.51151151151151153      -0.82723645595881723     
 -0.50950950950950946      -0.83873183451127864     
 -0.50750750750750750      -0.84986509187156922     
 -0.50550550550550555      -0.86063142127277992     
 -0.50350350350350348      -0.87102617436858853     
 -0.50150150150150152      -0.88104486324017706     
 -0.49949949949949946      -0.89068316233388367     
 -0.49749749749749750      -0.89993691032875356     
 -0.49549549549549554      -0.90880211193318339     
 -0.49349349349349347      -0.91727493960988193     
 -0.49149149149149152      -0.92535173522840397     
 -0.48948948948948945      -0.93302901164454199     
 -0.48748748748748749      -0.94030345420589567     
 -0.48548548548548554      -0.94717192218296808     
 -0.48348348348348347      -0.95363145012517048     
 -0.48148148148148151      -0.95967924914115210     
 -0.47947947947947944      -0.96531270810289826     
 -0.47747747747747749      -0.97052939477308175     
 -0.47547547547547553      -0.97532705685517795     
 -0.47347347347347346      -0.97970362296588942     
 -0.47147147147147150      -0.98365720352946351     
 -0.46946946946946944      -0.98718609159351323     
 -0.46746746746746748      -0.99028876356599149     
 -0.46546546546546552      -0.99296387987299928     
 -0.46346346346346345      -0.99521028553714552     
 -0.46146146146146150      -0.99702701067620547     
 -0.45945945945945943      -0.99841327092186771     
 -0.45745745745745747      -0.99936846775838206     
 -0.45545545545545552      -0.99989218878096930     
 -0.45345345345345345      -0.99998420787387532     
 -0.45145145145145149      -0.99964448530799721     
 -0.44944944944944942      -0.99887316775803525     
 -0.44744744744744747      -0.99767058823916710     
 -0.44544544544544540      -0.99603726596326836     
 -0.44344344344344344      -0.99397390611474423     
 -0.44144144144144148      -0.99148139954606673     
 -0.43943943943943942      -0.98856082239315068     
 -0.43743743743743746      -0.98521343561073405     
 -0.43543543543543539      -0.98144068442796206     
 -0.43343343343343343      -0.97724419772441207     
 -0.43143143143143148      -0.97262578732682703     
 -0.42942942942942941      -0.96758744722686241     
 -0.42742742742742745      -0.96213135272018291     
 -0.42542542542542539      -0.95625985946728209     
 -0.42342342342342343      -0.94997550247642981     
 -0.42142142142142147      -0.94328099500918594     
 -0.41941941941941940      -0.93617922740895376     
 -0.41741741741741745      -0.92867326585307874     
 -0.41541541541541538      -0.92076635102903104     
 -0.41341341341341342      -0.91246189673524392     
 -0.41141141141141147      -0.90376348840721110     
 -0.40940940940940940      -0.89467488156948061     
 -0.40740740740740744      -0.88520000021421297     
 -0.40540540540540537      -0.87534293510700290     
 -0.40340340340340342      -0.86510794202069841     
 -0.40140140140140146      -0.85449943989797672     
 -0.39939939939939939      -0.84352200894347273     
 -0.39739739739739743      -0.83218038864628241     
 -0.39539539539539537      -0.82047947573369573     
 -0.39339339339339341      -0.80842432205704273     
 -0.39139139139139134      -0.79602013241056335     
 -0.38938938938938938      -0.78327226228424596     
 -0.38738738738738743      -0.77018621555160260     
 -0.38538538538538536      -0.75676764209338021     
 -0.38338338338338340      -0.74302233535823292     
 -0.38138138138138133      -0.72895622986140984     
 -0.37937937937937938      -0.71457539862253672     
 -0.37737737737737742      -0.69988605054359898     
 -0.37537537537537535      -0.68489452772825810     
 -0.37337337337337340      -0.66960730274365754     
 -0.37137137137137133      -0.65403097582590208     
 -0.36936936936936937      -0.63817227203041593     
 -0.36736736736736741      -0.62203803832841031     
 -0.36536536536536535      -0.60563524065071361     
 -0.36336336336336339      -0.58897096088024203     
 -0.36136136136136132      -0.57205239379440687     
 -0.35935935935935936      -0.55488684395878074     
 -0.35735735735735741      -0.53748172257336202     
 -0.35535535535535534      -0.51984454427280125     
 -0.35335335335335338      -0.50198292388196841     
 -0.35135135135135132      -0.48390457312826407     
 -0.34934934934934936      -0.46561729731209323     
 -0.34734734734734740      -0.44712899193693806     
 -0.34534534534534533      -0.42844763930048668     
 -0.34334334334334338      -0.40958130504828855     
 -0.34134134134134131      -0.39053813469142368     
 -0.33933933933933935      -0.37132635008969123     
 -0.33733733733733740      -0.35195424590183366     
 -0.33533533533533533      -0.33243018600433061     
 -0.33333333333333337      -0.31276259988030786     
 -0.33133133133133130      -0.29295997898012094     
 -0.32932932932932935      -0.27303087305518425     
 -0.32732732732732739      -0.25298388646662917     
 -0.32532532532532532      -0.23282767447038386     
 -0.32332332332332336      -0.21257093948028002     
 -0.32132132132132130      -0.19222242731079889     
 -0.31931931931931934      -0.17179092340107904     
 -0.31731731731731727      -0.15128524902181653     
 -0.31531531531531531      -0.13071425746669466     
 -0.31331331331331336      -0.11008683022998798     
 -0.31131131131131129       -8.9411873171990591E-002
 -0.30930930930930933       -6.8698312673924525E-002
 -0.30730730730730726       -4.7955091783988289E-002
 -0.30530530530530531       -2.7191166356209419E-002
 -0.30330330330330335       -6.4155011837681054E-003
 -0.30130130130130128        1.4362933871538561E-002
 -0.29929929929929933        3.5135167752020781E-002
 -0.29729729729729726        5.5892232077336561E-002
 -0.29529529529529530        7.6625165016576208E-002
 -0.29329329329329334        9.7325015157519262E-002
 -0.29129129129129128       0.11798284537139300     
 -0.28928928928928932       0.13858973667146426     
 -0.28728728728728725       0.15913679206379830     
 -0.28528528528528529       0.17961514038852242     
 -0.28328328328328334       0.20001594014993576     
 -0.28128128128128127       0.22033038333381150     
 -0.27927927927927931       0.24054969921024369     
 -0.27727727727727725       0.26066515812039648     
 -0.27527527527527529       0.28066807524552106     
 -0.27327327327327333       0.30054981435661288     
 -0.27127127127127126       0.32030179154309035     
 -0.26926926926926931       0.33991547891888518     
 -0.26726726726726724       0.35938240830434448     
 -0.26526526526526528       0.37869417488235391     
 -0.26326326326326321       0.39784244082710507     
 -0.26126126126126126       0.41681893890393901     
 -0.25925925925925930       0.43561547603871192     
 -0.25725725725725723       0.45422393685514284     
 -0.25525525525525528       0.47263628717861467     
 -0.25325325325325321       0.49084457750491717     
 -0.25125125125125125       0.50884094643243283     
 -0.24924924924924929       0.52661762405628565     
 -0.24724724724724723       0.54416693532298521     
 -0.24524524524524527       0.56148130334411939     
 -0.24324324324324320       0.57855325266766477     
 -0.24124124124124124       0.59537541250550130     
 -0.23923923923923929       0.61194051991573895     
 -0.23723723723723722       0.62824142293848184     
 -0.23523523523523526       0.64427108368367592     
 -0.23323323323323319       0.66002258136970759     
 -0.23123123123123124       0.67548911531144029     
 -0.22922922922922928       0.69066400785640014     
 -0.22722722722722721       0.70554070726784179     
 -0.22522522522522526       0.72011279055345168     
 -0.22322322322322319       0.73437396623846418     
 -0.22122122122122123       0.74831807708199694     
 -0.21921921921921927       0.76193910273542986     
 -0.21721721721721721       0.77523116234168188     
 -0.21521521521521525       0.78818851707426163     
 -0.21321321321321318       0.80080557261499730     
 -0.21121121121121122       0.81307688156937485     
 -0.20920920920920927       0.82499714581844230     
 -0.20720720720720720       0.83656121880626444     
 -0.20520520520520524       0.84776410776194078     
 -0.20320320320320318       0.85860097585522654     
 -0.20120120120120122       0.86906714428482690     
 -0.19919919919919926       0.87915809429846237     
 -0.19719719719719719       0.88886946914383302     
 -0.19519519519519524       0.89819707594963938     
 -0.19319319319319317       0.90713688753584931     
 -0.19119119119119121       0.91568504415242535     
 -0.18918918918918914       0.92383785514576700     
 -0.18718718718718719       0.93159180055214474     
 -0.18518518518518523       0.93894353261743835     
 -0.18318318318318316       0.94588987724252560     
 -0.18118118118118121       0.95242783535369357     
 -0.17917917917917914       0.95855458419748496     
 -0.17717717717717718       0.96426747855941775     
 -0.17517517517517522       0.96956405190605144     
 -0.17317317317317316       0.97444201744991055     
 -0.17117117117117120       0.97889926913680048     
 -0.16916916916916913       0.98293388255509384     
 -0.16716716716716717       0.98654411576659173     
 -0.16516516516516522       0.98972841005860368     
 -0.16316316316316315       0.99248539061691876     
 -0.16116116116116119       0.99481386711937958     
 -0.15915915915915912       0.99671283424980262     
 -0.15715715715715717       0.99818147213202135     
 -0.15515515515515521       0.99921914668386691     
 -0.15315315315315314       0.99982540989093172     
 -0.15115115115115119       0.99999999999999944     
 -0.14914914914914912       0.99974284163205662     
 -0.14714714714714716       0.99905404581483670     
 -0.14514514514514520       0.99793390993488496     
 -0.14314314314314314       0.99638291760916153     
 -0.14114114114114118       0.99440173847624080     
 -0.13913913913913911       0.99199122790719618     
 -0.13713713713713716       0.98915242663629466     
 -0.13513513513513509       0.98588656031166144     
 -0.13313313313313313       0.98219503896610838     
 -0.13113113113113117       0.97807945640835448     
 -0.12912912912912911       0.97354158953490066     
 -0.12712712712712715       0.96858339756285861     
 -0.12512512512512508       0.96320702118406087     
 -0.12312312312312312       0.95741478164082094     
 -0.12112112112112117       0.95120917972374031     
 -0.11911911911911910       0.94459289469199548     
 -0.11711711711711714       0.93756878311657232     
 -0.11511511511511507       0.93013987764694583     
 -0.11311311311311312       0.92230938570173826     
 -0.11111111111111116       0.91408068808392129     
 -0.10910910910910909       0.90545733752115931     
 -0.10710710710710714       0.89644305713192451     
 -0.10510510510510507       0.88704173881804604     
 -0.10310310310310311       0.87725744158438801     
 -0.10110110110110115       0.86709438978637987     
  -9.9099099099099086E-002  0.85655697130615682     
  -9.7097097097097129E-002  0.84564973565809953     
  -9.5095095095095061E-002  0.83437739202458738     
  -9.3093093093093104E-002  0.82274480722281640     
  -9.1091091091091148E-002  0.81075700360355840     
  -8.9089089089089080E-002  0.79841915688276899     
  -8.7087087087087123E-002  0.78573659390697914     
  -8.5085085085085055E-002  0.77271479035343837     
  -8.3083083083083098E-002  0.75935936836599904     
  -8.1081081081081141E-002  0.74567609412776392     
  -7.9079079079079073E-002  0.73167087537154596     
  -7.7077077077077116E-002  0.71734975882921315     
  -7.5075075075075048E-002  0.70271892762102162     
  -7.3073073073073092E-002  0.68778469858606339     
  -7.1071071071071135E-002  0.67255351955497922     
  -6.9069069069069067E-002  0.65703196656611895     
  -6.7067067067067110E-002  0.64122674102634647     
  -6.5065065065065042E-002  0.62514466681771730     
  -6.3063063063063085E-002  0.60879268735127812     
  -6.1061061061061017E-002  0.59217786256925997     
  -5.9059059059059060E-002  0.57530736589695808     
  -5.7057057057057103E-002  0.55818848114561714     
  -5.5055055055055035E-002  0.54082859936765670     
  -5.3053053053053079E-002  0.52323521566559539     
  -5.1051051051051011E-002  0.50541592595605223     
  -4.9049049049049054E-002  0.48737842369022050     
  -4.7047047047047097E-002  0.46913049653223277     
  -4.5045045045045029E-002  0.45068002299684790     
  -4.3043043043043072E-002  0.43203496904791505     
  -4.1041041041041004E-002  0.41320338465908041     
  -3.9039039039039047E-002  0.39419340033822359     
  -3.7037037037037090E-002  0.37501322361712303     
  -3.5035035035035023E-002  0.35567113550786694     
  -3.3033033033033066E-002  0.33617548692753868     
  -3.1031031031030998E-002  0.31653469509272120     
  -2.9029029029029041E-002  0.29675723988537639     
  -2.7027027027027084E-002  0.27685166019166918     
  -2.5025025025025016E-002  0.25682655021531631     
  -2.3023023023023059E-002  0.23669055576705209     
  -2.1021021021020991E-002  0.21645237053181263     
  -1.9019019019019034E-002  0.19612073231525076     
  -1.7017017017017078E-002  0.17570441927120159     
  -1.5015015015015010E-002  0.15521224611172804     
  -1.3013013013013053E-002  0.13465306030138233     
  -1.1011011011010985E-002  0.11403573823732668     
  -9.0090090090090280E-003   9.3369181416962266E-002
  -7.0070070070069601E-003   7.2662312594721348E-002
  -5.0050050050050032E-003   5.1924071929681598E-002
  -3.0030030030030463E-003   3.1163413125666006E-002
  -1.0010010010009784E-003   1.0389299565494958E-002
   1.0010010010010895E-003  -1.0389299558940702E-002
   3.0030030030030463E-003  -3.1163413119114580E-002
   5.0050050050050032E-003  -5.1924071923135827E-002
   7.0070070070069601E-003  -7.2662312588184078E-002
   9.0090090090089170E-003  -9.3369181410436319E-002
   1.1011011011011096E-002 -0.11403573823081486     
   1.3013013013013053E-002 -0.13465306029488747     
   1.5015015015015010E-002 -0.15521224610525292     
   1.7017017017016967E-002 -0.17570441926474903     
   1.9019019019018923E-002 -0.19612073230882351     
   2.1021021021021102E-002 -0.21645237052541347     
   2.3023023023023059E-002 -0.23669055576068371     
   2.5025025025025016E-002 -0.25682655020898149     
   2.7027027027026973E-002 -0.27685166018537061     
   2.9029029029028930E-002 -0.29675723987911684     
   3.1031031031031109E-002 -0.31653469508650334     
   3.3033033033033066E-002 -0.33617548692136529     
   3.5035035035035023E-002 -0.35567113550174057     
   3.7037037037036979E-002 -0.37501322361104628     
   3.9039039039038936E-002 -0.39419340033219913     
   4.1041041041041115E-002 -0.41320338465311085     
   4.3043043043043072E-002 -0.43203496904200300     
   4.5045045045045029E-002 -0.45068002299099597     
   4.7047047047046986E-002 -0.46913049652644340     
   4.9049049049048943E-002 -0.48737842368449635     
   5.1051051051051122E-002 -0.50541592595039553     
   5.3053053053053079E-002 -0.52323521566000886     
   5.5055055055055035E-002 -0.54082859936214245     
   5.7057057057056992E-002 -0.55818848114017783     
   5.9059059059058949E-002 -0.57530736589159581     
   6.1061061061061128E-002 -0.59217786256397720     
   6.3063063063063085E-002 -0.60879268734607717     
   6.5065065065065042E-002 -0.62514466681260017     
   6.7067067067066999E-002 -0.64122674102131549     
   6.9069069069068956E-002 -0.65703196656117624     
   7.1071071071071135E-002 -0.67255351955012710     
   7.3073073073073092E-002 -0.68778469858130387     
   7.5075075075075048E-002 -0.70271892761635713     
   7.7077077077077005E-002 -0.71734975882464536     
   7.9079079079078962E-002 -0.73167087536707731     
   8.1081081081081141E-002 -0.74567609412339630     
   8.3083083083083098E-002 -0.75935936836173423     
   8.5085085085085055E-002 -0.77271479034927815     
   8.7087087087087012E-002 -0.78573659390292516     
   8.9089089089088969E-002 -0.79841915687882303     
   9.1091091091091148E-002 -0.81075700359972236     
   9.3093093093093104E-002 -0.82274480721909160     
   9.5095095095095061E-002 -0.83437739202097572     
   9.7097097097097018E-002 -0.84564973565460266     
   9.9099099099099197E-002 -0.85655697130277608     
  0.10110110110110115      -0.86709438978311681     
  0.10310310310310311      -0.87725744158124419     
  0.10510510510510507      -0.88704173881502257     
  0.10710710710710702      -0.89644305712902295     
  0.10910910910910920      -0.90545733751838098     
  0.11111111111111116      -0.91408068808126741     
  0.11311311311311312      -0.92230938569920984     
  0.11511511511511507      -0.93013987764454387     
  0.11711711711711703      -0.93756878311429803     
  0.11911911911911921      -0.94459289468984997     
  0.12112112112112117      -0.95120917972172447     
  0.12312312312312312      -0.95741478163893556     
  0.12512512512512508      -0.96320702118230639     
  0.12712712712712704      -0.96858339756123579     
  0.12912912912912922      -0.97354158953341052     
  0.13113113113113117      -0.97807945640699745     
  0.13313313313313313      -0.98219503896488547     
  0.13513513513513509      -0.98588656031057298     
  0.13713713713713704      -0.98915242663534109     
  0.13913913913913922      -0.99199122790637795     
  0.14114114114114118      -0.99440173847555824     
  0.14314314314314314      -0.99638291760861508     
  0.14514514514514509      -0.99793390993447506     
  0.14714714714714705      -0.99905404581456358     
  0.14914914914914923      -0.99974284163192018     
  0.15115115115115119       -1.0000000000000000     
  0.15315315315315314      -0.99982540989106927     
  0.15515515515515510      -0.99921914668414147     
  0.15715715715715706      -0.99818147213243291     
  0.15915915915915924      -0.99671283425035095     
  0.16116116116116119      -0.99481386712006437     
  0.16316316316316315      -0.99248539061773977     
  0.16516516516516511      -0.98972841005956058     
  0.16716716716716706      -0.98654411576768397     
  0.16916916916916924      -0.98293388255632086     
  0.17117117117117120      -0.97889926913816183     
  0.17317317317317316      -0.97444201745140535     
  0.17517517517517511      -0.96956405190767914     
  0.17717717717717707      -0.96426747856117745     
  0.17917917917917925      -0.95855458419937623     
  0.18118118118118121      -0.95242783535571551     
  0.18318318318318316      -0.94588987724467721     
  0.18518518518518512      -0.93894353261971863     
  0.18718718718718708      -0.93159180055455260     
  0.18918918918918926      -0.92383785514830152     
  0.19119119119119121      -0.91568504415508523     
  0.19319319319319317      -0.90713688753863353     
  0.19519519519519513      -0.89819707595254705     
  0.19719719719719708      -0.88886946914686249     
  0.19919919919919926      -0.87915809430161240     
  0.20120120120120122      -0.86906714428809606     
  0.20320320320320318      -0.85860097585861339     
  0.20520520520520513      -0.84776410776544409     
  0.20720720720720709      -0.83656121880988266     
  0.20920920920920927      -0.82499714582217409     
  0.21121121121121122      -0.81307688157321878     
  0.21321321321321318      -0.80080557261895147     
  0.21521521521521514      -0.78818851707832449     
  0.21721721721721732      -0.77523116234585154     
  0.21921921921921927      -0.76193910273970455     
  0.22122122122122123      -0.74831807708637488     
  0.22322322322322319      -0.73437396624294338     
  0.22522522522522515      -0.72011279055803012     
  0.22722722722722732      -0.70554070727251772     
  0.22922922922922928      -0.69066400786117144     
  0.23123123123123124      -0.67548911531630484     
  0.23323323323323319      -0.66002258137466319     
  0.23523523523523515      -0.64427108368872044     
  0.23723723723723733      -0.62824142294361307     
  0.23923923923923929      -0.61194051992095466     
  0.24124124124124124      -0.59537541251079940     
  0.24324324324324320      -0.57855325267304281     
  0.24524524524524516      -0.56148130334957502     
  0.24724724724724734      -0.54416693532851623     
  0.24924924924924929      -0.52661762406188961     
  0.25125125125125125      -0.50884094643810751     
  0.25325325325325321      -0.49084457751066007     
  0.25525525525525516      -0.47263628718442341     
  0.25725725725725734      -0.45422393686101492     
  0.25925925925925930      -0.43561547604464490     
  0.26126126126126126      -0.41681893890993038     
  0.26326326326326321      -0.39784244083315223     
  0.26526526526526517      -0.37869417488845425     
  0.26726726726726735      -0.35938240831049523     
  0.26926926926926931      -0.33991547892508372     
  0.27127127127127126      -0.32030179154933408     
  0.27327327327327322      -0.30054981436289924     
  0.27527527527527518      -0.28066807525184734     
  0.27727727727727736      -0.26066515812676000     
  0.27927927927927931      -0.24054969921664171     
  0.28128128128128127      -0.22033038334024124     
  0.28328328328328323      -0.20001594015639451     
  0.28528528528528518      -0.17961514039500734     
  0.28728728728728736      -0.15913679207030657     
  0.28928928928928932      -0.13858973667799307     
  0.29129129129129128      -0.11798284537793952     
  0.29329329329329323       -9.7325015164080667E-002
  0.29529529529529519       -7.6625165023149686E-002
  0.29729729729729737       -5.5892232083919260E-002
  0.29929929929929933       -3.5135167758609878E-002
  0.30130130130130128       -1.4362933878131203E-002
  0.30330330330330324        6.4155011771747658E-003
  0.30530530530530520        2.7191166349618229E-002
  0.30730730730730738        4.7955091777402092E-002
  0.30930930930930933        6.8698312667346162E-002
  0.31131131131131129        8.9411873165422914E-002
  0.31331331331331325       0.11008683022343384     
  0.31531531531531520       0.13071425746015686     
  0.31731731731731738       0.15128524901529788     
  0.31931931931931934       0.17179092339458235     
  0.32132132132132130       0.19222242730432701     
  0.32332332332332325       0.21257093947383568     
  0.32532532532532521       0.23282767446396979     
  0.32732732732732739       0.25298388646024816     
  0.32932932932932935       0.27303087304883911     
  0.33133133133133130       0.29295997897381432     
  0.33333333333333326       0.31276259987404248     
  0.33533533533533522       0.33243018599810914     
  0.33733733733733740       0.35195424589565866     
  0.33933933933933935       0.37132635008356529     
  0.34134134134134131       0.39053813468534948     
  0.34334334334334327       0.40958130504226870     
  0.34534534534534522       0.42844763929452379     
  0.34734734734734740       0.44712899193103472     
  0.34934934934934936       0.46561729730625206     
  0.35135135135135132       0.48390457312248758     
  0.35335335335335327       0.50198292387625898     
  0.35535535535535545       0.51984454426716142     
  0.35735735735735741       0.53748172256779425     
  0.35935935935935936       0.55488684395328736     
  0.36136136136136132       0.57205239378899042     
  0.36336336336336328       0.58897096087490475     
  0.36536536536536546       0.60563524064545793     
  0.36736736736736741       0.62203803832323845     
  0.36936936936936937       0.63817227202533000     
  0.37137137137137133       0.65403097582090441     
  0.37337337337337329       0.66960730273875024     
  0.37537537537537546       0.68489452772344339     
  0.37737737737737742       0.69988605053887909     
  0.37937937937937938       0.71457539861791342     
  0.38138138138138133       0.72895622985688524     
  0.38338338338338329       0.74302233535380879     
  0.38538538538538547       0.75676764208905856     
  0.38738738738738743       0.77018621554738531     
  0.38938938938938938       0.78327226228013502     
  0.39139139139139134       0.79602013240656078     
  0.39339339339339330       0.80842432205315007     
  0.39539539539539548       0.82047947572991464     
  0.39739739739739743       0.83218038864261423     
  0.39939939939939939       0.84352200893991913     
  0.40140140140140135       0.85449943989453936     
  0.40340340340340330       0.86510794201737873     
  0.40540540540540548       0.87534293510380223     
  0.40740740740740744       0.88520000021113265     
  0.40940940940940940       0.89467488156652197     
  0.41141141141141135       0.90376348840437526     
  0.41341341341341331       0.91246189673253209     
  0.41541541541541549       0.92076635102644433     
  0.41741741741741745       0.92867326585061805     
  0.41941941941941940       0.93617922740662041     
  0.42142142142142136       0.94328099500698093     
  0.42342342342342332       0.94997550247435403     
  0.42542542542542550       0.95625985946533631     
  0.42742742742742745       0.96213135271836780     
  0.42942942942942941       0.96758744722517898     
  0.43143143143143137       0.97262578732527616     
  0.43343343343343332       0.97724419772299442     
  0.43543543543543550       0.98144068442667831     
  0.43743743743743746       0.98521343560958474     
  0.43943943943943942       0.98856082239213638     
  0.44144144144144137       0.99148139954518777     
  0.44344344344344333       0.99397390611400116     
  0.44544544544544551       0.99603726596266129     
  0.44744744744744747       0.99767058823869637     
  0.44944944944944942       0.99887316775770085     
  0.45145145145145138       0.99964448530779915     
  0.45345345345345334       0.99998420787381359     
  0.45545545545545552       0.99989218878104380     
  0.45745745745745747       0.99936846775859289     
  0.45945945945945943       0.99841327092221466     
  0.46146146146146139       0.99702701067668853     
  0.46346346346346334       0.99521028553776425     
  0.46546546546546552       0.99296387987375356     
  0.46746746746746748       0.99028876356688067     
  0.46946946946946944       0.98718609159453719     
  0.47147147147147139       0.98365720353062158     
  0.47347347347347357       0.97970362296718105     
  0.47547547547547553       0.97532705685660248     
  0.47747747747747749       0.97052939477463884     
  0.47947947947947944       0.96531270810458725     
  0.48148148148148140       0.95967924914297253     
  0.48348348348348358       0.95363145012712147     
  0.48548548548548554       0.94717192218504875     
  0.48748748748748749       0.94030345420810524     
  0.48948948948948945       0.93302901164687968     
  0.49149149149149141       0.92535173523086867     
  0.49349349349349358       0.91727493961247242     
  0.49549549549549554       0.90880211193589866     
  0.49749749749749750       0.89993691033159251     
  0.49949949949949946       0.89068316233684486     
  0.50150150150150141       0.88104486324325926     
  0.50350350350350359       0.87102617437179020     
  0.50550550550550555       0.86063142127609971     
  0.50750750750750750       0.84986509187500592     
  0.50950950950950946       0.83873183451483035     
  0.51151151151151142       0.82723645596248274     
  0.51351351351351360       0.81538391933014576     
  0.51551551551551555       0.80317934193245888     
  0.51751751751751751       0.79062799307712617     
  0.51951951951951947       0.77773529178990042     
  0.52152152152152143       0.76450680447492692     
  0.52352352352352360       0.75094824251145686     
  0.52552552552552556       0.73706545978796878     
  0.52752752752752752       0.72286445017475998     
  0.52952952952952947       0.70835134493610308     
  0.53153153153153143       0.69353241008308153     
  0.53353353353353361       0.67841404366824909     
  0.53553553553553557       0.66300277302328026     
  0.53753753753753752       0.64730525194080457     
  0.53953953953953948       0.63132825780164259     
  0.54154154154154144       0.61507868864868087     
  0.54354354354354362       0.59856356020865342     
  0.54554554554554557       0.58179000286311178     
  0.54754754754754753       0.56476525856989401     
  0.54954954954954949       0.54749667773641997     
  0.55155155155155144       0.52999171604616491     
  0.55355355355355362       0.51225793123967867     
  0.55555555555555558       0.49430297985154298     
  0.55755755755755754       0.47613461390467454     
  0.55955955955955949       0.45776067756340072     
  0.56156156156156145       0.43918910374675346     
  0.56356356356356363       0.42042791070344382     
  0.56556556556556559       0.40148519854999515     
  0.56756756756756754       0.38236914577353021     
  0.56956956956956950       0.36308800570072164     
  0.57157157157157146       0.34365010293443099     
  0.57357357357357364       0.32406382975957387     
  0.57557557557557559       0.30433764251976392     
  0.57757757757757755       0.28448005796629899     
  0.57957957957957951       0.26449964958106725     
  0.58158158158158146       0.24440504387495904     
  0.58358358358358364       0.22420491666338410     
  0.58558558558558560       0.20390798932050147     
  0.58758758758758756       0.18352302501377937     
  0.58958958958958951       0.16305882492051121     
  0.59159159159159147       0.14252422442792051     
  0.59359359359359365       0.12192808931849591     
  0.59559559559559561       0.10127931194220324     
  0.59759759759759756        8.0586807377226830E-002
  0.59959959959959952        5.9859509580898147E-002
  0.60160160160160148        3.9106367532473298E-002
  0.60360360360360366        1.8336341369424882E-002
  0.60560560560560561       -2.4416014810837300E-003
  0.60760760760760757       -2.3218490173871419E-002
  0.60960960960960953       -4.3985354318888038E-002
  0.61161161161161171       -6.4733227854166714E-002
  0.61361361361361366       -8.5453152916907360E-002
  0.61561561561561562      -0.10613618371102042     
  0.61761761761761758      -0.12677339036946050     
  0.61961961961961953      -0.14735586280968310     
  0.62162162162162171      -0.16787471458055905     
  0.62362362362362367      -0.18832108669908626     
  0.62562562562562563      -0.20868615147524211     
  0.62762762762762758      -0.22896111632332533     
  0.62962962962962954      -0.24913722755814127     
  0.63163163163163172      -0.26920577417439234     
  0.63363363363363367      -0.28915809160764117     
  0.63563563563563563      -0.30898556547522310     
  0.63763763763763759      -0.32867963529549277     
  0.63963963963963955      -0.34823179818379918     
  0.64164164164164172      -0.36763361252359300     
  0.64364364364364368      -0.38687670161108195     
  0.64564564564564564      -0.40595275727185931     
  0.64764764764764760      -0.42485354344794624     
  0.64964964964964955      -0.44357089975369690     
  0.65165165165165173      -0.46209674499903264     
  0.65365365365365369      -0.48042308067848344     
  0.65565565565565564      -0.49854199442453051     
  0.65765765765765760      -0.51644566342375897     
  0.65965965965965956      -0.53412635779434547     
  0.66166166166166174      -0.55157644392342298     
  0.66366366366366369      -0.56878838776288154     
  0.66566566566566565      -0.58575475808218214     
  0.66766766766766761      -0.60246822967677904     
  0.66966966966966956      -0.61892158653076579     
  0.67167167167167174      -0.63510772493237888     
  0.67367367367367370      -0.65101965654101468     
  0.67567567567567566      -0.66665051140443499     
  0.67767767767767761      -0.68199354092485798     
  0.67967967967967957      -0.69704212077265559     
  0.68168168168168175      -0.71178975374639719     
  0.68368368368368371      -0.72623007257800698     
  0.68568568568568566      -0.74035684268182178     
  0.68768768768768762      -0.75416396484636417     
  0.68968968968968958      -0.76764547786766779     
  0.69169169169169176      -0.78079556112301818     
  0.69369369369369371      -0.79360853708399692     
  0.69569569569569567      -0.80607887376774712     
  0.69769769769769763      -0.81820118712539769     
  0.69969969969969958      -0.82997024336661862     
  0.70170170170170176      -0.84138096121930184     
  0.70370370370370372      -0.85242841412339287     
  0.70570570570570568      -0.86310783235792543     
  0.70770770770770763      -0.87341460510034152     
  0.70970970970970959      -0.88334428241720675     
  0.71171171171171177      -0.89289257718546233     
  0.71371371371371373      -0.90205536694338417     
  0.71571571571571568      -0.91082869567044888     
  0.71771771771771764      -0.91920877549534030     
  0.71971971971971960      -0.92719198833135674     
  0.72172172172172178      -0.93477488743851456     
  0.72372372372372373      -0.94195419891167298     
  0.72572572572572569      -0.94872682309403755     
  0.72772772772772765      -0.95508983591543228     
  0.72972972972972983      -0.96104049015476201     
  0.73173173173173178      -0.96657621662612192     
  0.73373373373373374      -0.97169462528803874     
  0.73573573573573570      -0.97639350627536803     
  0.73773773773773765      -0.98067083085339990     
  0.73973973973973983      -0.98452475229376202     
  0.74174174174174179      -0.98795360667174204     
  0.74374374374374375      -0.99095591358468427     
  0.74574574574574570      -0.99353037679115142     
  0.74774774774774766      -0.99567588477057523     
  0.74974974974974984      -0.99739151120315328     
  0.75175175175175180      -0.99867651536978597     
  0.75375375375375375      -0.99953034247188133     
  0.75575575575575571      -0.99995262387088857     
  0.75775775775775767      -0.99994317724745674     
  0.75975975975975985      -0.99950200668015110     
  0.76176176176176180      -0.99862930264369210     
  0.76376376376376376      -0.99732544192671857     
  0.76576576576576572      -0.99559098746910912     
  0.76776776776776767      -0.99342668811893431     
  0.76976976976976985      -0.99083347830914226     
  0.77177177177177181      -0.98781247765411895     
  0.77377377377377377      -0.98436499046629633     
  0.77577577577577572      -0.98049250519301712     
  0.77777777777777768      -0.97619669377390050     
  0.77977977977977986      -0.97147941091898404     
  0.78178178178178181      -0.96634269330795619     
  0.78378378378378377      -0.96078875871082225     
  0.78578578578578573      -0.95482000503038589     
  0.78778778778778769      -0.94843900926695834     
  0.78978978978978986      -0.94164852640574248     
  0.79179179179179182      -0.93445148822737156     
  0.79379379379379378      -0.92685100204211823     
  0.79579579579579574      -0.91885034934831722     
  0.79779779779779769      -0.91045298441558453     
  0.79979979979979987      -0.90166253279344055     
  0.80180180180180183      -0.89248278974598538     
  0.80380380380380378      -0.88291771861329926     
  0.80580580580580574      -0.87297144910027591     
  0.80780780780780770      -0.86264827549362999     
  0.80980980980980988      -0.85195265480784377     
  0.81181181181181183      -0.84088920486085916     
  0.81381381381381379      -0.82946270228034114     
  0.81581581581581575      -0.81767808044137646     
  0.81781781781781770      -0.80554042733649622     
  0.81981981981981988      -0.79305498337894287     
  0.82182182182182184      -0.78022713914012998     
  0.82382382382382380      -0.76706243302227106     
  0.82582582582582575      -0.75356654886718277     
  0.82782782782782771      -0.73974531350229500     
  0.82982982982982989      -0.72560469422492679     
  0.83183183183183185      -0.71115079622591515     
  0.83383383383383380      -0.69638985995370806     
  0.83583583583583576      -0.68132825842006051     
  0.83783783783783772      -0.66597249444849560     
  0.83983983983983990      -0.65032919786672139     
  0.84184184184184185      -0.63440512264421278     
  0.84384384384384381      -0.61820714397619481     
  0.84584584584584577      -0.60174225531528791     
  0.84784784784784772      -0.58501756535209570     
  0.84984984984984990      -0.56804029494603836     
  0.85185185185185186      -0.55081777400775733     
  0.85385385385385382      -0.53335743833443816     
  0.85585585585585577      -0.51566682639941575     
  0.85785785785785773      -0.49775357609745058     
  0.85985985985985991      -0.47962542144707865     
  0.86186186186186187      -0.46129018925146142     
  0.86386386386386382      -0.44275579571917495     
  0.86586586586586578      -0.42403024304639908     
  0.86786786786786796      -0.40512161596198148     
  0.86986986986986992      -0.38603807823686814     
  0.87187187187187187      -0.36678786915940798     
  0.87387387387387383      -0.34737929997805223     
  0.87587587587587579      -0.32782075031298591     
  0.87787787787787797      -0.30812066453823950     
  0.87987987987987992      -0.28828754813584323     
  0.88188188188188188      -0.26832996402359810     
  0.88388388388388384      -0.24825652885804947     
  0.88588588588588579      -0.22807590931425842     
  0.88788788788788797      -0.20779681834397812     
  0.88988988988988993      -0.18742801141385015     
  0.89189189189189189      -0.16697828272524515     
  0.89389389389389384      -0.14645646141737964     
  0.89589589589589580      -0.12587140775534883     
  0.89789789789789798      -0.10523200930472044     
  0.89989989989989994       -8.4547177094341994E-002
  0.90190190190190189       -6.3825841769017511E-002
  0.90390390390390385       -4.8183017075236728E-002
  0.90590590590590581       -3.6374030803234848E-002
  0.90790790790790799       -2.7459262563089719E-002
  0.90990990990990994       -2.0729379833200310E-002
  0.91191191191191190       -1.5648897611794561E-002
  0.91391391391391386       -1.1813570811621590E-002
  0.91591591591591581       -8.9182291851723668E-003
  0.91791791791791799       -6.7324954616686016E-003
  0.91991991991991995       -5.0824546304362676E-003
  0.92192192192192191       -3.8368158275926666E-003
  0.92392392392392386       -2.8964657515663439E-003
  0.92592592592592582       -2.1865823909883765E-003
  0.92792792792792800       -1.6506815680723114E-003
  0.92992992992992995       -1.2461225913489860E-003
  0.93193193193193191       -9.4071541040259533E-004
  0.93393393393393387       -7.1015930984267065E-004
  0.93593593593593583       -5.3610934386969997E-004
  0.93793793793793800       -4.0471666101357830E-004
  0.93993993993993996       -3.0552657523652939E-004
  0.94194194194194192       -2.3064670484485806E-004
  0.94394394394394388       -1.7411898947723104E-004
  0.94594594594594583       -1.3144561765925707E-004
  0.94794794794794801       -9.9231143808789556E-005
  0.94994994994994997       -7.4912318567813707E-005
  0.95195195195195192       -5.6554135532811951E-005
  0.95395395395395388       -4.2695866178550201E-005
  0.95595595595595584       -3.2234832243375225E-005
  0.95795795795795802       -2.4338667547942484E-005
  0.95995995995995997       -1.8379088073698845E-005
  0.96196196196196193       -1.3881900502066448E-005
  0.96396396396396389       -1.0489271481199585E-005
  0.96596596596596584       -7.9312554518417263E-006
  0.96796796796796802       -6.0043155511690877E-006
  0.96996996996996998       -4.5551285404952665E-006
  0.97197197197197194       -3.4683851432511195E-006
  0.97397397397397389       -2.6576150874637772E-006
  0.97597597597597585       -2.0583068174070437E-006
  0.97797797797797803       -1.6227744219092365E-006
  0.97997997997997999       -1.3163633497789774E-006
  0.98198198198198194       -1.1146930077595766E-006
  0.98398398398398390       -1.0017168393525072E-006
  0.98598598598598608       -9.6844552837385165E-007
  0.98798798798798804       -1.0122317347831611E-006
  0.98998998998998999       -1.1365594504652486E-006
  0.99199199199199195       -1.3513212143727853E-006
  0.99399399399399391       -1.6736052445538868E-006
  0.99599599599599609       -2.1290551177838462E-006
  0.99799799799799804       -2.7539101841319378E-006
   1.0000000000000000       -3.5978890686827607E-006
